  -2.500	  -2.000	 +10.000	 +20.000	0.246	0.002	0.305	0.005	0.248	0.244	0.314	0.306
  -2.000	  -1.566	 +10.000	 +20.000	0.290	0.002	0.350	0.005	0.288	0.288	0.345	0.352
  -1.566	  -1.444	 +10.000	 +20.000	0.220	0.005	0.213	0.008	0.218	0.216	0.210	0.212
  -1.444	  -0.800	 +10.000	 +20.000	0.390	0.003	0.387	0.004	0.388	0.390	0.377	0.387
  -0.800	  +0.000	 +10.000	 +20.000	0.365	0.003	0.388	0.004	0.359	0.358	0.372	0.389
  +0.000	  +0.800	 +10.000	 +20.000	0.367	0.003	0.388	0.004	0.365	0.359	0.373	0.386
  +0.800	  +1.444	 +10.000	 +20.000	0.387	0.003	0.391	0.004	0.384	0.386	0.370	0.391
  +1.444	  +1.566	 +10.000	 +20.000	0.213	0.005	0.206	0.008	0.212	0.240	0.213	0.207
  +1.566	  +2.000	 +10.000	 +20.000	0.283	0.002	0.342	0.005	0.282	0.290	0.340	0.343
  +2.000	  +2.500	 +10.000	 +20.000	0.267	0.002	0.335	0.005	0.265	0.266	0.303	0.336
  -2.500	  -2.000	 +20.000	 +35.000	0.488	0.001	0.553	0.002	0.485	0.489	0.557	0.555
  -2.000	  -1.566	 +20.000	 +35.000	0.550	0.001	0.593	0.002	0.544	0.556	0.591	0.595
  -1.566	  -1.444	 +20.000	 +35.000	0.398	0.002	0.395	0.003	0.395	0.488	0.401	0.398
  -1.444	  -0.800	 +20.000	 +35.000	0.591	0.001	0.608	0.001	0.586	0.593	0.603	0.609
  -0.800	  +0.000	 +20.000	 +35.000	0.588	0.001	0.617	0.001	0.581	0.583	0.610	0.615
  +0.000	  +0.800	 +20.000	 +35.000	0.600	0.001	0.611	0.001	0.593	0.594	0.606	0.610
  +0.800	  +1.444	 +20.000	 +35.000	0.590	0.001	0.605	0.001	0.583	0.598	0.598	0.606
  +1.444	  +1.566	 +20.000	 +35.000	0.388	0.002	0.398	0.003	0.384	0.461	0.394	0.401
  +1.566	  +2.000	 +20.000	 +35.000	0.539	0.001	0.593	0.002	0.539	0.552	0.583	0.595
  +2.000	  +2.500	 +20.000	 +35.000	0.499	0.001	0.578	0.002	0.493	0.499	0.544	0.581
  -2.500	  -2.000	 +35.000	 +50.000	0.634	0.001	0.690	0.001	0.632	0.628	0.692	0.691
  -2.000	  -1.566	 +35.000	 +50.000	0.703	0.001	0.727	0.001	0.701	0.698	0.727	0.728
  -1.566	  -1.444	 +35.000	 +50.000	0.586	0.001	0.593	0.002	0.586	0.580	0.589	0.595
  -1.444	  -0.800	 +35.000	 +50.000	0.731	0.001	0.750	0.001	0.729	0.726	0.746	0.751
  -0.800	  +0.000	 +35.000	 +50.000	0.717	0.001	0.752	0.001	0.716	0.714	0.748	0.752
  +0.000	  +0.800	 +35.000	 +50.000	0.728	0.001	0.743	0.001	0.727	0.725	0.738	0.744
  +0.800	  +1.444	 +35.000	 +50.000	0.730	0.001	0.749	0.001	0.728	0.726	0.743	0.749
  +1.444	  +1.566	 +35.000	 +50.000	0.575	0.001	0.595	0.002	0.573	0.568	0.589	0.595
  +1.566	  +2.000	 +35.000	 +50.000	0.704	0.001	0.735	0.001	0.702	0.700	0.726	0.737
  +2.000	  +2.500	 +35.000	 +50.000	0.640	0.001	0.705	0.001	0.637	0.635	0.681	0.706
  -2.500	  -2.000	 +50.000	 +90.000	0.710	0.002	0.755	0.003	0.708	0.712	0.759	0.756
  -2.000	  -1.566	 +50.000	 +90.000	0.773	0.001	0.788	0.002	0.772	0.771	0.787	0.787
  -1.566	  -1.444	 +50.000	 +90.000	0.648	0.003	0.651	0.005	0.645	0.630	0.646	0.650
  -1.444	  -0.800	 +50.000	 +90.000	0.789	0.001	0.812	0.001	0.788	0.778	0.810	0.812
  -0.800	  +0.000	 +50.000	 +90.000	0.772	0.001	0.810	0.001	0.772	0.759	0.809	0.811
  +0.000	  +0.800	 +50.000	 +90.000	0.783	0.001	0.801	0.001	0.782	0.769	0.799	0.801
  +0.800	  +1.444	 +50.000	 +90.000	0.790	0.001	0.807	0.001	0.790	0.771	0.806	0.808
  +1.444	  +1.566	 +50.000	 +90.000	0.634	0.003	0.647	0.005	0.632	0.624	0.646	0.649
  +1.566	  +2.000	 +50.000	 +90.000	0.770	0.001	0.795	0.002	0.770	0.769	0.786	0.796
  +2.000	  +2.500	 +50.000	 +90.000	0.722	0.002	0.770	0.003	0.719	0.720	0.755	0.770
  -2.500	  -2.000	 +90.000	+150.000	0.823	0.007	0.783	0.013	0.807	0.813	0.816	0.781
  -2.000	  -1.566	 +90.000	+150.000	0.849	0.005	0.844	0.009	0.843	0.849	0.846	0.845
  -1.566	  -1.444	 +90.000	+150.000	0.753	0.013	0.682	0.023	0.738	0.755	0.714	0.674
  -1.444	  -0.800	 +90.000	+150.000	0.847	0.003	0.856	0.005	0.844	0.848	0.865	0.855
  -0.800	  +0.000	 +90.000	+150.000	0.836	0.002	0.857	0.004	0.831	0.834	0.862	0.858
  +0.000	  +0.800	 +90.000	+150.000	0.851	0.002	0.841	0.005	0.842	0.846	0.848	0.842
  +0.800	  +1.444	 +90.000	+150.000	0.848	0.003	0.839	0.006	0.845	0.851	0.853	0.843
  +1.444	  +1.566	 +90.000	+150.000	0.703	0.012	0.698	0.023	0.703	0.711	0.692	0.694
  +1.566	  +2.000	 +90.000	+150.000	0.842	0.005	0.852	0.009	0.838	0.847	0.847	0.853
  +2.000	  +2.500	 +90.000	+150.000	0.813	0.007	0.796	0.013	0.811	0.818	0.822	0.794
  -2.500	  -2.000	+150.000	+500.000	0.840	0.015	0.799	0.031	0.838	0.857	0.830	0.810
  -2.000	  -1.566	+150.000	+500.000	0.867	0.010	0.891	0.016	0.864	0.864	0.861	0.889
  -1.566	  -1.444	+150.000	+500.000	0.746	0.025	0.719	0.044	0.745	0.738	0.744	0.728
  -1.444	  -0.800	+150.000	+500.000	0.871	0.006	0.887	0.010	0.863	0.871	0.880	0.882
  -0.800	  +0.000	+150.000	+500.000	0.863	0.004	0.879	0.008	0.861	0.865	0.885	0.878
  +0.000	  +0.800	+150.000	+500.000	0.877	0.004	0.859	0.009	0.872	0.877	0.867	0.861
  +0.800	  +1.444	+150.000	+500.000	0.878	0.006	0.878	0.010	0.869	0.877	0.863	0.877
  +1.444	  +1.566	+150.000	+500.000	0.669	0.026	0.757	0.045	0.678	0.681	0.763	0.768
  +1.566	  +2.000	+150.000	+500.000	0.855	0.010	0.873	0.018	0.855	0.855	0.892	0.876
  +2.000	  +2.500	+150.000	+500.000	0.897	0.016	0.856	0.026	0.884	0.891	0.852	0.875

