  -2.500	  -2.000	 +10.000	 +20.000	0.242	0.002	0.291	0.003	0.244	0.248	0.293	0.292
  -2.000	  -1.566	 +10.000	 +20.000	0.288	0.002	0.345	0.003	0.285	0.288	0.347	0.346
  -1.566	  -1.444	 +10.000	 +20.000	0.224	0.004	0.225	0.006	0.222	0.223	0.229	0.225
  -1.444	  -0.800	 +10.000	 +20.000	0.383	0.003	0.387	0.003	0.381	0.384	0.387	0.387
  -0.800	  +0.000	 +10.000	 +20.000	0.362	0.003	0.377	0.003	0.357	0.361	0.386	0.376
  +0.000	  +0.800	 +10.000	 +20.000	0.366	0.003	0.380	0.003	0.365	0.364	0.389	0.379
  +0.800	  +1.444	 +10.000	 +20.000	0.384	0.003	0.385	0.003	0.382	0.384	0.387	0.386
  +1.444	  +1.566	 +10.000	 +20.000	0.217	0.004	0.214	0.006	0.216	0.219	0.222	0.214
  +1.566	  +2.000	 +10.000	 +20.000	0.286	0.002	0.341	0.003	0.285	0.291	0.343	0.342
  +2.000	  +2.500	 +10.000	 +20.000	0.268	0.002	0.321	0.003	0.266	0.274	0.324	0.321
  -2.500	  -2.000	 +20.000	 +35.000	0.488	0.001	0.550	0.001	0.485	0.492	0.547	0.552
  -2.000	  -1.566	 +20.000	 +35.000	0.551	0.001	0.590	0.001	0.545	0.559	0.587	0.592
  -1.566	  -1.444	 +20.000	 +35.000	0.399	0.002	0.394	0.002	0.396	0.529	0.405	0.398
  -1.444	  -0.800	 +20.000	 +35.000	0.593	0.001	0.603	0.001	0.586	0.609	0.599	0.604
  -0.800	  +0.000	 +20.000	 +35.000	0.588	0.001	0.613	0.001	0.581	0.602	0.610	0.612
  +0.000	  +0.800	 +20.000	 +35.000	0.601	0.001	0.607	0.001	0.594	0.612	0.605	0.606
  +0.800	  +1.444	 +20.000	 +35.000	0.590	0.001	0.600	0.001	0.583	0.610	0.598	0.602
  +1.444	  +1.566	 +20.000	 +35.000	0.384	0.002	0.395	0.002	0.380	0.495	0.402	0.400
  +1.566	  +2.000	 +20.000	 +35.000	0.544	0.001	0.591	0.001	0.541	0.561	0.586	0.594
  +2.000	  +2.500	 +20.000	 +35.000	0.497	0.001	0.574	0.001	0.493	0.499	0.570	0.576
  -2.500	  -2.000	 +35.000	 +50.000	0.634	0.001	0.688	0.001	0.632	0.634	0.685	0.689
  -2.000	  -1.566	 +35.000	 +50.000	0.702	0.001	0.726	0.001	0.701	0.701	0.722	0.727
  -1.566	  -1.444	 +35.000	 +50.000	0.588	0.001	0.592	0.002	0.587	0.588	0.585	0.594
  -1.444	  -0.800	 +35.000	 +50.000	0.730	0.001	0.747	0.001	0.729	0.727	0.743	0.748
  -0.800	  +0.000	 +35.000	 +50.000	0.717	0.001	0.748	0.001	0.716	0.714	0.744	0.749
  +0.000	  +0.800	 +35.000	 +50.000	0.728	0.001	0.738	0.001	0.727	0.724	0.735	0.739
  +0.800	  +1.444	 +35.000	 +50.000	0.730	0.001	0.744	0.001	0.728	0.727	0.740	0.744
  +1.444	  +1.566	 +35.000	 +50.000	0.574	0.001	0.590	0.002	0.573	0.578	0.585	0.591
  +1.566	  +2.000	 +35.000	 +50.000	0.703	0.001	0.732	0.001	0.702	0.703	0.729	0.734
  +2.000	  +2.500	 +35.000	 +50.000	0.639	0.001	0.704	0.001	0.637	0.638	0.702	0.706
  -2.500	  -2.000	 +50.000	 +90.000	0.713	0.002	0.752	0.002	0.712	0.704	0.750	0.755
  -2.000	  -1.566	 +50.000	 +90.000	0.774	0.001	0.785	0.001	0.773	0.764	0.786	0.787
  -1.566	  -1.444	 +50.000	 +90.000	0.643	0.003	0.651	0.003	0.639	0.663	0.648	0.652
  -1.444	  -0.800	 +50.000	 +90.000	0.790	0.001	0.809	0.001	0.789	0.786	0.807	0.810
  -0.800	  +0.000	 +50.000	 +90.000	0.773	0.001	0.806	0.001	0.772	0.771	0.806	0.807
  +0.000	  +0.800	 +50.000	 +90.000	0.783	0.001	0.796	0.001	0.782	0.780	0.795	0.796
  +0.800	  +1.444	 +50.000	 +90.000	0.790	0.001	0.805	0.001	0.789	0.786	0.803	0.805
  +1.444	  +1.566	 +50.000	 +90.000	0.633	0.003	0.644	0.003	0.629	0.658	0.644	0.645
  +1.566	  +2.000	 +50.000	 +90.000	0.774	0.001	0.789	0.001	0.772	0.763	0.791	0.789
  +2.000	  +2.500	 +50.000	 +90.000	0.719	0.002	0.768	0.002	0.717	0.710	0.767	0.770
  -2.500	  -2.000	 +90.000	+150.000	0.828	0.007	0.820	0.009	0.808	0.825	0.802	0.817
  -2.000	  -1.566	 +90.000	+150.000	0.847	0.005	0.835	0.006	0.842	0.838	0.842	0.834
  -1.566	  -1.444	 +90.000	+150.000	0.745	0.012	0.717	0.016	0.735	0.748	0.689	0.718
  -1.444	  -0.800	 +90.000	+150.000	0.847	0.003	0.854	0.004	0.844	0.837	0.858	0.856
  -0.800	  +0.000	 +90.000	+150.000	0.834	0.002	0.852	0.003	0.831	0.829	0.849	0.852
  +0.000	  +0.800	 +90.000	+150.000	0.849	0.002	0.842	0.003	0.842	0.842	0.841	0.843
  +0.800	  +1.444	 +90.000	+150.000	0.849	0.003	0.853	0.004	0.846	0.839	0.851	0.853
  +1.444	  +1.566	 +90.000	+150.000	0.707	0.012	0.678	0.017	0.707	0.693	0.702	0.675
  +1.566	  +2.000	 +90.000	+150.000	0.840	0.005	0.846	0.006	0.837	0.833	0.837	0.844
  +2.000	  +2.500	 +90.000	+150.000	0.814	0.007	0.814	0.009	0.811	0.808	0.828	0.814
  -2.500	  -2.000	+150.000	+500.000	0.849	0.016	0.852	0.019	0.848	0.849	0.825	0.863
  -2.000	  -1.566	+150.000	+500.000	0.866	0.009	0.849	0.013	0.864	0.860	0.858	0.843
  -1.566	  -1.444	+150.000	+500.000	0.773	0.025	0.749	0.032	0.735	0.766	0.755	0.746
  -1.444	  -0.800	+150.000	+500.000	0.872	0.006	0.880	0.007	0.864	0.864	0.882	0.881
  -0.800	  +0.000	+150.000	+500.000	0.868	0.004	0.879	0.006	0.862	0.862	0.875	0.881
  +0.000	  +0.800	+150.000	+500.000	0.878	0.004	0.867	0.006	0.872	0.873	0.865	0.866
  +0.800	  +1.444	+150.000	+500.000	0.880	0.006	0.879	0.007	0.870	0.879	0.864	0.879
  +1.444	  +1.566	+150.000	+500.000	0.668	0.025	0.714	0.031	0.678	0.674	0.744	0.722
  +1.566	  +2.000	+150.000	+500.000	0.856	0.009	0.872	0.012	0.855	0.853	0.875	0.872
  +2.000	  +2.500	+150.000	+500.000	0.886	0.015	0.824	0.020	0.879	0.897	0.837	0.827
