### var1 :  probe_sc_eta 
### var2 :  probe_Ele_pt 
  -2.500	  -2.000	 +10.000	 +20.000	0.245	0.002	0.296	0.003	0.245	0.246	0.300	0.298
  -2.000	  -1.566	 +10.000	 +20.000	0.289	0.002	0.348	0.003	0.284	0.270	0.347	0.349
  -1.566	  -1.444	 +10.000	 +20.000	0.220	0.004	0.227	0.006	0.222	0.229	0.211	0.227
  -1.444	  -0.800	 +10.000	 +20.000	0.388	0.003	0.391	0.003	0.383	0.382	0.396	0.391
  -0.800	  +0.000	 +10.000	 +20.000	0.363	0.003	0.382	0.003	0.359	0.360	0.387	0.380
  +0.000	  +0.800	 +10.000	 +20.000	0.367	0.003	0.383	0.003	0.365	0.365	0.395	0.383
  +0.800	  +1.444	 +10.000	 +20.000	0.385	0.003	0.391	0.003	0.383	0.383	0.391	0.392
  +1.444	  +1.566	 +10.000	 +20.000	0.215	0.004	0.213	0.006	0.214	0.220	0.215	0.213
  +1.566	  +2.000	 +10.000	 +20.000	0.284	0.002	0.345	0.003	0.286	0.295	0.345	0.346
  +2.000	  +2.500	 +10.000	 +20.000	0.268	0.002	0.328	0.003	0.266	0.269	0.336	0.328
  -2.500	  -2.000	 +20.000	 +35.000	0.488	0.001	0.555	0.001	0.485	0.486	0.556	0.557
  -2.000	  -1.566	 +20.000	 +35.000	0.551	0.001	0.593	0.001	0.545	0.555	0.596	0.595
  -1.566	  -1.444	 +20.000	 +35.000	0.399	0.002	0.397	0.002	0.396	0.486	0.401	0.400
  -1.444	  -0.800	 +20.000	 +35.000	0.592	0.001	0.606	0.001	0.586	0.600	0.609	0.608
  -0.800	  +0.000	 +20.000	 +35.000	0.588	0.001	0.618	0.001	0.581	0.592	0.619	0.616
  +0.000	  +0.800	 +20.000	 +35.000	0.601	0.001	0.612	0.001	0.593	0.604	0.614	0.610
  +0.800	  +1.444	 +20.000	 +35.000	0.589	0.001	0.605	0.001	0.582	0.598	0.607	0.606
  +1.444	  +1.566	 +20.000	 +35.000	0.386	0.002	0.397	0.002	0.380	0.466	0.396	0.402
  +1.566	  +2.000	 +20.000	 +35.000	0.541	0.001	0.594	0.001	0.540	0.553	0.591	0.596
  +2.000	  +2.500	 +20.000	 +35.000	0.497	0.001	0.580	0.001	0.492	0.495	0.578	0.582
  -2.500	  -2.000	 +35.000	 +50.000	0.634	0.001	0.691	0.001	0.632	0.634	0.691	0.692
  -2.000	  -1.566	 +35.000	 +50.000	0.702	0.001	0.728	0.001	0.701	0.700	0.727	0.729
  -1.566	  -1.444	 +35.000	 +50.000	0.588	0.001	0.593	0.002	0.587	0.602	0.592	0.595
  -1.444	  -0.800	 +35.000	 +50.000	0.730	0.001	0.750	0.001	0.729	0.731	0.750	0.751
  -0.800	  +0.000	 +35.000	 +50.000	0.717	0.001	0.752	0.001	0.716	0.715	0.752	0.752
  +0.000	  +0.800	 +35.000	 +50.000	0.728	0.001	0.742	0.001	0.726	0.733	0.741	0.742
  +0.800	  +1.444	 +35.000	 +50.000	0.730	0.001	0.747	0.001	0.728	0.726	0.747	0.747
  +1.444	  +1.566	 +35.000	 +50.000	0.574	0.001	0.591	0.002	0.573	0.611	0.590	0.593
  +1.566	  +2.000	 +35.000	 +50.000	0.703	0.001	0.734	0.001	0.702	0.701	0.734	0.735
  +2.000	  +2.500	 +35.000	 +50.000	0.639	0.001	0.707	0.001	0.637	0.638	0.708	0.709
  -2.500	  -2.000	 +50.000	 +90.000	0.713	0.002	0.755	0.002	0.712	0.708	0.759	0.757
  -2.000	  -1.566	 +50.000	 +90.000	0.774	0.001	0.788	0.001	0.771	0.772	0.789	0.789
  -1.566	  -1.444	 +50.000	 +90.000	0.644	0.003	0.653	0.003	0.640	0.660	0.647	0.654
  -1.444	  -0.800	 +50.000	 +90.000	0.790	0.001	0.811	0.001	0.789	0.789	0.813	0.812
  -0.800	  +0.000	 +50.000	 +90.000	0.773	0.001	0.809	0.001	0.772	0.774	0.812	0.809
  +0.000	  +0.800	 +50.000	 +90.000	0.783	0.001	0.799	0.001	0.782	0.783	0.802	0.799
  +0.800	  +1.444	 +50.000	 +90.000	0.790	0.001	0.807	0.001	0.789	0.791	0.808	0.808
  +1.444	  +1.566	 +50.000	 +90.000	0.633	0.003	0.645	0.003	0.629	0.636	0.643	0.646
  +1.566	  +2.000	 +50.000	 +90.000	0.774	0.001	0.790	0.001	0.772	0.773	0.794	0.791
  +2.000	  +2.500	 +50.000	 +90.000	0.720	0.002	0.770	0.002	0.718	0.712	0.772	0.773
  -2.500	  -2.000	 +90.000	+150.000	0.827	0.007	0.818	0.009	0.808	0.827	0.813	0.817
  -2.000	  -1.566	 +90.000	+150.000	0.847	0.005	0.837	0.006	0.842	0.845	0.849	0.836
  -1.566	  -1.444	 +90.000	+150.000	0.749	0.012	0.716	0.016	0.736	0.731	0.685	0.718
  -1.444	  -0.800	 +90.000	+150.000	0.847	0.003	0.854	0.004	0.844	0.852	0.849	0.855
  -0.800	  +0.000	 +90.000	+150.000	0.834	0.002	0.853	0.003	0.830	0.830	0.855	0.853
  +0.000	  +0.800	 +90.000	+150.000	0.849	0.002	0.845	0.003	0.842	0.847	0.840	0.846
  +0.800	  +1.444	 +90.000	+150.000	0.849	0.003	0.852	0.004	0.846	0.842	0.851	0.852
  +1.444	  +1.566	 +90.000	+150.000	0.706	0.012	0.685	0.017	0.707	0.693	0.706	0.680
  +1.566	  +2.000	 +90.000	+150.000	0.840	0.005	0.843	0.006	0.836	0.833	0.829	0.842
  +2.000	  +2.500	 +90.000	+150.000	0.815	0.007	0.817	0.009	0.811	0.834	0.815	0.816
  -2.500	  -2.000	+150.000	+500.000	0.841	0.014	0.854	0.019	0.849	0.864	0.850	0.868
  -2.000	  -1.566	+150.000	+500.000	0.866	0.009	0.850	0.013	0.864	0.860	0.854	0.843
  -1.566	  -1.444	+150.000	+500.000	0.745	0.023	0.759	0.032	0.734	0.788	0.769	0.751
  -1.444	  -0.800	+150.000	+500.000	0.872	0.006	0.882	0.007	0.864	0.869	0.881	0.882
  -0.800	  +0.000	+150.000	+500.000	0.866	0.004	0.882	0.006	0.862	0.864	0.862	0.884
  +0.000	  +0.800	+150.000	+500.000	0.878	0.004	0.870	0.006	0.872	0.886	0.850	0.870
  +0.800	  +1.444	+150.000	+500.000	0.880	0.006	0.884	0.007	0.870	0.878	0.892	0.883
  +1.444	  +1.566	+150.000	+500.000	0.668	0.025	0.713	0.031	0.677	0.671	0.675	0.720
  +1.566	  +2.000	+150.000	+500.000	0.855	0.009	0.870	0.013	0.855	0.854	0.867	0.870
  +2.000	  +2.500	+150.000	+500.000	0.894	0.016	0.837	0.019	0.878	0.898	0.845	0.843
